2.941901
2.885792
2.834625
2.780292
2.732733
2.680469
2.62834
2.575468
2.521888
2.478109
2.430332
2.388077
2.343882
2.300322
2.25354
2.208655
2.163929
2.124268
2.082328
2.046586
2.008044
1.970299
1.931115
1.896505
1.862167
1.829801
1.795378
1.762727
1.730571
1.698623
1.667696
1.636517
1.608761
1.580228
1.5528
1.521567
1.49293
1.467803
1.439162
1.412777
1.385512
1.36055
1.333324
1.308385
1.285344
1.263706
1.241712
1.219919
1.197148
1.17888
1.157727
1.138218
1.118195
1.097036
1.08064
1.058562
1.039366
1.023415
1.005069
0.9858949
0.9663987
0.9463978
0.9318035
0.9136605
0.9000063
0.8866093
0.8724656
0.8575842
0.8406913
0.8251145
0.813812
0.800142
0.7883146
0.7733536
0.7604597
0.7479701
0.7396362
0.726459
0.7186925
0.7087796
0.6933289
0.6820533
0.6672809
0.6550121
0.6478462
0.638273
0.6293142
0.6175294
0.6109617
0.6007345
0.593257
0.5881622
0.5755043
0.5703101
0.5595179
0.553807
0.5493557
0.5371461
0.5314615
0.5204544
0.5106936
0.5014749
0.4929929
0.4863913
0.4772687
0.472507
0.4640112
0.4557066
0.4504912
0.4427972
0.4378107
0.4332335
0.4272809
0.4241579
0.4175363
0.4112039
0.4055898
0.4008453
0.3955145
0.3912158
0.3868856
0.3799393
0.375787
0.3735471
0.3703382
0.3680785
0.3574693
0.3518708
0.3493054
0.3445127
0.3430686
0.3367422
0.3337448
0.330487
0.3248448
0.3191931
0.312639
0.3117013
0.3100455
0.3085756
0.3024595
0.2978389
0.2939289
0.2909346
0.2856193
0.2846279
0.2806411
0.2772686
0.2708049
0.2672207
0.2692456
0.268374
0.2700944
0.2666953
0.2653451
0.2639253
0.2575393
0.258976
0.259788
0.2641258
0.2604578
0.2542412
0.2536464
0.2495592
0.2460566
0.2438569
0.2424476
0.2435238
0.2360709
0.2304308
0.2245471
0.2210019
0.221648
0.2189012
0.2190371
0.2158859
0.2164366
0.2143078
0.2098372
0.2159111
0.2133222
0.2085094
0.2093172
0.2055554
0.2032058
0.2032049
0.2030811
0.2036788
0.2022891
0.2017181
0.2007077
0.194227
0.1972265
0.195539
0.1941216
0.1925015
0.1903927
0.1915917
0.1921587
0.1902099
0.1870203
0.1841519
0.1824775
0.1795788
0.1800907
0.1806328
0.1819315
0.1820147
0.1813705
0.1800699
0.1811907
0.1755779
0.1773765
0.1799016
0.1770723
0.1749206
0.1734924
0.1699853
0.1763027
0.1731465
0.1696346
0.1726525
0.1692059
0.1736991
0.1722333
0.1745594
0.1752191
0.1754477
0.1735649
0.1734357
0.1713128
0.1686323
0.1715255
0.1668844
0.1664295
0.1612422
0.1651506
0.1634436
0.1571536
0.1594157
0.154495
0.1565101
0.1544847
0.1548514
0.1611478
0.1583171
0.1647213
0.159997
0.1572361
0.1595531
0.1551917
0.1513641
0.1511002
0.1504998
0.1509733
0.1521161
0.1553679
0.1542091
0.1556416
0.1554515
0.1569998
0.1612618
0.1587522
0.1596768
0.1594167
0.161783
0.1596537
0.1568656
0.1576288
0.1583271
0.1587241
0.1610663
0.1577642
0.1578493
0.1559846
0.1567013
0.1568868
0.155004
0.1551027
0.154757
0.1526959
0.148648
0.1448259
0.1440885
0.1416256
0.1398456
0.1377299
0.1313808
0.1366374
0.1391771
0.1430395
0.1426601
0.1385357
0.1416724
0.1419773
0.1391904
0.1395912
0.1412699
0.1428041
0.1414373
0.1458795
0.1435223
0.1475632
0.1472411
0.1460497
0.1508152
0.1516407
0.1515167
0.1499898
0.1471977
0.1496058
0.1527171
0.1525981
0.1532185
0.1538851
0.1478243
0.147825
0.1505921
0.1466997
0.1490958
0.1491015
0.1488767
0.1482923
0.1435378
0.1459541
0.1502166
0.1467824
0.1468616
0.1482909
0.150439
0.1533885
0.1529453
0.1529853
0.1518431
0.1520932
0.1522801
0.1536069
0.149493
0.1459184
0.1452074
0.1423471
0.140341
0.1356914
0.1336374
0.1355104
0.1349161
0.1296637
0.1251225
0.1237676
0.122761
0.1224322
0.1262875
0.1271656
0.1275613
0.128191
0.1280344
0.1279955
0.1317325
0.1318905
0.1291454
0.1314778
0.1282647
0.1297333
0.1306574
0.1304374
0.1294968
0.1333721
0.1326997
0.1366124
0.134984
0.1392293
0.141973
0.1401448
0.1428707
0.1409121
0.1436362
0.1432998
0.1393943
0.1328754
0.1317286
0.131804
0.1331487
0.1301515
0.1298959
0.1280189
0.1285715
0.1310685
0.1308892
0.13392
0.1355309
0.1365213
0.1361597
0.1386139
0.139276
0.1364486
0.1352243
0.1398945
0.1384521
0.1363091
0.1320534
0.1356981
0.1385977
0.1411223
0.1403685
0.138622
0.1367073
0.1361258
0.1353827
0.1345503
0.1341522
0.1355183
0.1348426
0.1343899
0.1352093
0.1330321
0.1329234
0.1313953
0.1353595
0.1363971
0.1327777
0.1333241
0.1337986
0.1337204
0.1340995
0.1307445
0.1327434
0.1338363
0.1298008
0.1312401
0.1292148
0.1303213
0.1328552
0.1287117
0.1273105
0.1308177
0.130924
0.1278679
0.1250503
0.1265895
0.1269152
0.1319878
0.1313987
0.1331306
0.1290061
0.1318974
0.1311214
0.1336453
0.134315
0.1376011
0.1351175
0.1353343
0.133841
0.13223
0.1314766
0.1349375
0.1329498
0.1321273
0.1315746
0.1300378
0.1361217
0.1358564
0.1391931
0.1414268
0.1412554
0.1432664
0.1446908
0.1471291
0.1479349
0.1481402
0.1499991
0.1519749
0.1513922
0.1519251
0.1537039
0.1527665
0.1533692
0.1532028
0.1509447
0.1550274
0.1528721
0.1534071
0.1524739
0.1522322
0.1513822
0.1545098
0.1481893
0.1479561
0.1520045
0.1517475
0.1474099
0.1502898
0.1482303
0.150008
0.1539459
0.1534677
0.1528778
0.1521907
0.1456726
0.1496332
0.1508865
0.1485827
0.1488404
0.1494131
0.1505163
0.1526842
0.1553173
0.1549208
0.1553597
0.1588409
0.1564028
0.1553891
0.153578
0.1537285
0.1539605
0.1511939
0.153054
0.1527088
0.1522427
0.1522708
0.153954
0.1546502
0.1563573
0.1555603
0.1574433
0.1551208
0.1559803
0.154824
0.1534214
0.152921
0.1529772
0.150012
0.1455739
0.1479089
0.15046
0.1513286
0.149538
0.1478169
0.1463003
0.1496801
0.1495101
0.1479928
0.1495001
0.1482534
0.1481957
0.1503174
0.1493154
0.1502063
0.151195
0.1556075
0.1567249
0.1613574
0.1612151
0.1617815
0.1585627
0.1610565
0.1637802
0.1622398
0.1607857
0.1563127
0.1513362
0.1554103
0.1539342
0.1546516
0.1540732
0.1508443
0.1488376
0.146487
0.1454904
0.1476834
0.1446919
0.1436369
0.1449025
0.1476777
0.1467149
0.1483786
0.146594
0.1492774
0.1498001
0.1511374
0.1535826
0.1540887
0.1546142
0.1526861
0.1532688
0.1515729
0.1482661
0.1469448
0.1442761
0.1410975
0.1398013
0.1352751
0.1321435
0.12993
0.1256216
0.1236398
0.1249311
0.1238711
0.1223199
0.1255159
0.1264679
0.1202023
0.1218047
0.1196361
0.1220832
0.1187923
0.1197033
0.1202114
0.1217134
0.124661
0.1258388
0.1233532
0.123183
0.1265864
0.1275394
0.1298883
0.1299543
0.1290827
0.1305165
0.1310666
0.1332262
0.1328919
0.1278012
0.1273861
0.125742
0.1309748
0.1340537
0.1354363
0.1378744
0.1448865
0.1453981
0.1462207
0.1480033
0.1488576
0.1505485
0.1517663
0.1478248
0.149416
0.1506901
0.152765
0.1477094
0.145736
0.1479034
0.1520073
0.1509631
0.1540217
0.1556749
0.1554992
0.1562436
0.1560535
0.1540315
0.1578279
0.1581645
0.1602588
0.1671028
0.1651967
0.1643374
0.1669476
0.1686082
0.1696558
0.1692863
0.169028
0.1686468
0.1685359
0.166569
0.1684644
0.1643662
0.1623278
0.1600101
0.1614745
0.1593137
0.1613173
0.1593709
0.1559074
0.1582181
0.1599531
0.1605232
0.1623044
0.1604068
0.1615694
0.1594262
0.1597836
0.1592236
0.1579537
0.1561394
0.1614442
0.1622484
0.1581731
0.1601636
0.1614215
0.1600087
0.1607029
0.1641304
0.1609251
0.1579721
0.1524787
0.1559155
0.151834
0.1494715
0.1514957
0.1511664
0.1506803
0.1509266
0.1494589
0.1467702
0.1436284
0.1417189
0.1410062
0.143564
0.1462452
0.1486847
0.1467667
0.1483791
0.1474259
0.1501768
0.1470799
0.1442325
0.1434855
0.1434906
0.1398733
0.141192
0.1421878
0.1366191
0.133743
0.1315989
0.1313546
0.1336417
0.1345894
0.1397278
0.1346166
0.1340752
0.1352177
0.1362972
0.1366923
0.1341271
0.1340232
0.1323643
0.1289377
0.1288023
0.1257474
0.1266584
0.1264336
0.1251681
0.1253936
0.124404
0.1268737
0.1295121
0.1292069
0.126152
0.1237233
0.1257746
0.1244533
0.1242771
0.1287522
0.1294961
0.1326098
0.1290145
0.1313891
0.1327019
0.1308208
0.1313107
0.1286705
0.1281812
0.1273363
0.1255774
0.1256814
0.1241264
0.127018
0.1298892
0.1299081
0.1300857
0.1283824
0.13117
0.1319075
0.1314657
0.1281843
0.1293449
0.1326232
0.1338098
0.1358857
0.1377971
0.1396911
0.1410787
0.1415424
0.1461122
0.1440005
0.1488431
0.1517484
0.1470177
0.1464834
0.1439576
0.143177
0.1404653
0.1358247
0.1365516
0.1380858
0.1378326
0.1391068
0.1358459
0.1346853
0.133424
0.1348159
0.1335731
0.1318855
0.1342177
0.1311209
0.1300931
0.1285794
0.1257725
0.1262391
0.1251926
0.121748
0.1199172
0.1228728
0.124047
0.1227999
0.1213224
0.1243715
0.1229107
0.1255896
0.1293061
0.1352127
0.1382639
0.1355393
0.1388288
0.13941
0.1366849
0.1370103
0.1399658
0.1419618
0.1434472
0.1428792
0.1421118
0.1425867
0.143115
0.1427426
0.1403866
0.1422455
0.1415818
0.1421533
0.1449196
0.1445308
0.1410646
0.1405721
0.1442416
0.1430206
0.1437526
0.143405
0.1396625
0.1381299
0.1399949
0.1400731
0.1389937
0.1383421
0.1411691
0.1385243
0.1404912
0.1420083
0.1412146
0.1400735
0.1432974
0.1419706
0.1431093
0.1432955
0.144217
0.1435981
0.1450217
0.1464429
0.1455686
0.1447983
0.1436756
0.1461191
0.1428411
0.1409528
0.1391346
0.1416521
0.1409156
0.1407754
0.1390772
0.1412401
0.1414428
0.1448851
0.1455357
0.1453865
0.1475351
0.148041
0.1458337
0.1451018
0.1438859
0.1438627
0.1408076
0.1465752
0.1490126
0.1536608
0.1522141
0.1535532
0.1534276
0.1559539
0.1616464
0.1605101
0.1610622
0.1613901
0.1584697
0.1592448
0.1596429
0.159003
0.1562068
0.155098
0.1548481
0.1583068
0.1583934
0.159158
0.1572778
0.1579435
0.1593618
0.1610138
0.1621828
0.1601658
0.1627305
0.1656322
0.1643453
0.1639996
0.1625526
0.1624584
0.1631131
0.1662614
0.1629131
0.1615593
0.1606605
0.159528
0.1579278
0.1532705
0.1554015
0.1547909
0.1555545
0.1564512
0.1602788
0.1603785
0.157227
0.1577668
0.1574459
0.1541061
0.1504943
0.1492822
0.1482825
0.14783
0.1490993
0.1505656
0.1481912
0.1481268
0.145164
0.1449325
0.1472034
0.1505611
0.1487064
0.1487286
0.1478472
0.1459246
0.1436906
0.1449964
0.1431782
0.1454368
0.1450896
0.1393044
0.1390679
0.1399226
0.1410234
0.1441886
0.146945
0.1481593
0.1489635
0.1515908
0.1475947
0.1501498
0.1494036
0.1496408
0.1505132
0.1461029
0.145736
0.1497293
0.1492946
0.1496947
0.1489348
0.1465502
0.1446462
0.1423385
0.1450982
0.8538444
-1.279186
-4.761691
-7.81726
-11.48447
-15.14884
-18.24067
-21.64216
-24.67437
-26.95065
-28.89418
-30.17013
-29.85529
-28.19018
-26.27724
-21.07137
-15.13609
-9.006356
-3.208162
2.822793
8.364506
13.61211
18.53256
22.4726
25.4938
28.28291
30.61214
31.97643
32.55494
32.4202
31.15529
29.41862
26.94488
23.89061
20.27638
16.07057
11.68855
6.951752
2.118202
-2.838793
-7.63888
-12.21845
-16.56806
-20.55294
-24.01978
-26.93183
-29.31705
-31.06571
-32.03332
-32.39
-32.05984
-31.04047
-29.35933
-27.17608
-24.37018
-21.09706
-17.43374
-13.43995
-9.185061
-4.797064
-0.4197826
3.897615
8.040186
11.82816
15.34074
18.33234
20.82675
22.74572
24.07372
24.7721
24.82676
24.30466
23.17013
21.54225
19.41222
16.85106
13.93332
10.71002
7.254819
3.682843
0.0620954
-3.534664
-7.013763
-10.31041
-13.33926
-16.0471
-18.37574
-20.26204
-21.66666
-22.57264
-22.95626
-22.81862
-22.20743
-21.1654
-19.66
-17.75683
-15.4935
-12.91521
-10.0937
-7.084247
-3.972635
-0.8255351
2.267156
5.228104
8.011292
10.51651
12.75299
14.58301
16.02762
17.0254
17.56809
17.63799
17.30474
16.56987
15.45652
14.01237
12.26263
10.26059
8.04468
5.690066
3.233911
0.7361655
-1.735281
-4.141554
-6.408983
-8.509171
-10.37456
-11.96751
-13.25087
-14.20697
-14.80855
-15.03717
-14.93048
-14.49888
-13.78614
-12.78209
-11.52778
-10.02939
-8.345425
-6.523551
-4.575261
-2.559365
-0.5354443
1.446796
3.336768
5.107148
6.706676
8.096066
9.227107
10.10566
10.68154
10.97689
10.97033
10.71699
10.22225
9.511833
8.606142
7.53334
6.314871
4.977113
3.564583
2.098769
0.621438
-0.8311405
-2.231929
-3.546628
-4.740514
-5.787237
-6.672953
-7.364306
-7.864596
-8.153702
-8.227879
-8.104383
-7.809292
-7.37107
-6.788025
-6.084234
-5.257839
-4.349238
-3.369067
-2.348458
-1.314027
-0.2858467
0.6984873
1.639875
2.504885
3.267033
3.903557
4.413629
4.774967
4.972653
5.03914
4.960021
4.782897
4.521813
4.17713
3.75666
3.287829
2.772668
2.217724
1.651003
1.082701
0.5230539
-0.01690578
-0.5195019
-0.9711571
-1.368933
-1.698502
-1.951932
-2.131325
-2.228983
-2.244169
-2.201065
-2.119425
-2.010999
-1.875411
-1.720314
-1.550951
-1.370704
-1.188567
-1.004261
-0.8260896
-0.6601279
-0.5124018
-0.3831122
-0.274616
-0.1869342
-0.1179075
-0.077209
-0.05895185
-0.05857348
-0.07163668
-0.0868094
-0.097121
-0.09686494
-0.08843756
-0.07742214
-0.07177854
-0.06943631
-0.0736208
-0.07677531
-0.07540607
-0.0728097
-0.06742477
-0.06306434
-0.05924463
-0.0587635
-0.05697465
-0.0572381
-0.05263233
-0.05244184
-0.04801536
-0.04480934
-0.04767108
-0.04856777
-0.04829645
-0.05031753
-0.04785609
-0.04601789
-0.05107093
-0.04871011
-0.05056119
-0.04497051
-0.0432415
-0.04246402
-0.04091859
-0.04007936
-0.04276729
-0.0404768
-0.04338098
-0.04670119
-0.04779029
-0.04754281
-0.04694009
-0.04777503
-0.04568243
-0.04412293
-0.04414415
-0.04832125
-0.04961896
-0.05013919
-0.05030441
-0.04681611
-0.04917359
-0.05126619
-0.04797435
-0.04979968
-0.04922605
-0.0476048
-0.04683256
-0.04628611
-0.04406381
-0.04495692
-0.04339647
-0.04307437
-0.04091287
-0.04271007
-0.03796005
-0.03772116
-0.03697062
-0.03819489
-0.03932095
-0.03770018
-0.03809237
-0.03990865
-0.04213119
-0.0403676
-0.04079413
-0.04075456
-0.04116201
-0.04064536
-0.04170561
-0.03852892
-0.04210615
-0.04066205
-0.03827333
-0.04049349
-0.04070115
-0.0401485
-0.0424509
-0.0411551
-0.04432416
-0.04436088
-0.03929996
-0.04346776
-0.04218006
-0.04100251
-0.04159355
-0.03894258
-0.03923917
-0.03740907
-0.03591681
-0.03560877
-0.02874708
-0.02756619
-0.02745485
-0.02914381
-0.02482152
-0.023283
-0.02243209
-0.02179027
-0.02306962
-0.02449298
-0.02479172
-0.02344108
-0.02302408
-0.02440405
-0.02321386
-0.02020049
-0.02025366
-0.02219129
-0.02527809
-0.02464962
-0.02403545
-0.02637506
-0.02728891
-0.02573514
-0.02586579
-0.0288229
-0.03057408
-0.03103518
-0.02960324
-0.02881026
-0.02839184
-0.02848482
-0.02921438
-0.03232527
-0.03657174
-0.03660083
-0.03749609
-0.03552413
-0.03381729
-0.03366542
-0.03616023
-0.03362417
-0.03070688
-0.03190017
-0.0308814
-0.03032327
-0.02831483
-0.02594972
-0.02496648
-0.02578139
-0.02337408
-0.02732968
-0.02873063
-0.02643919
-0.02559805
-0.02507949
-0.02407455
-0.02212811
-0.021981
-0.02488041
-0.02277017
-0.02805471
-0.02856159
-0.02229857
-0.02144074
-0.02105355
-0.01995325
-0.01842403
-0.02234101
-0.02091599
-0.02089882
-0.01803303
-0.01885819
-0.02226567
-0.02317214
-0.02536178
-0.0275259
-0.02690864
-0.03141618
-0.03191805
-0.03277683
-0.03137779
-0.02841258
-0.02892828
-0.02571964
-0.0270896
-0.02598476
-0.02653193
-0.02397823
-0.02412415
-0.0222218
-0.0243423
-0.02264833
-0.02224207
-0.02203536
-0.02197003
-0.01971817
-0.02001047
-0.02006674
-0.01973987
-0.0197711
-0.01853728
-0.0190258
-0.0218792
-0.0191884
-0.01951814
-0.02069187
-0.02520204
-0.02636933
-0.02899694
-0.02948761
-0.02489614
-0.02459526
-0.02531886
-0.02464223
-0.02405787
-0.02339435
-0.02055335
-0.01957154
-0.01770163
-0.02090645
-0.02023005
-0.01886392
-0.02102113
-0.01958656
-0.02080679
-0.02055097
-0.01844287
-0.01483059
-0.01784921
-0.01933575
-0.01881933
-0.01822925
-0.01713014
-0.0189085
-0.01917696
-0.02317405
-0.02296996
-0.02229023
-0.01993155
-0.020787
-0.02269793
-0.02775335
-0.02837396
-0.02643538
-0.02304435
-0.02515697
-0.02392292
-0.02425933
-0.02433062
-0.02366781
-0.02237511
-0.02092314
-0.0192976
-0.01924777
-0.01904726
-0.01942015
-0.01916885
-0.01825666
-0.01916814
-0.01816487
-0.02072477
-0.02162743
-0.0206399
-0.02223969
-0.02170873
-0.5104048
1.34702
5.575587
8.509146
12.29187
16.13135
19.17827
22.51733
25.33786
27.711
29.84493
30.63481
31.39702
30.2523
27.1826
21.30587
16.29403
10.40653
4.455092
-1.485029
-7.425514
-13.08488
-17.9975
-22.80191
-27.18793
-30.2698
-33.09425
-35.18411
-36.72525
-36.99814
-36.41855
-35.53252
-33.8282
-31.21828
-27.73417
-23.86469
-19.51196
-14.78847
-9.694085
-4.473159
0.7931006
6.030591
11.05921
15.66842
19.79729
23.68182
26.73876
29.21495
30.94719
31.77996
31.91411
31.28043
30.12284
28.21244
25.71436
22.68382
19.2022
15.30081
11.11801
6.738008
2.285931
-2.162738
-6.48233
-10.61362
-14.43002
-17.8934
-20.89712
-23.39893
-25.32112
-26.63839
-27.31594
-27.37154
-26.81681
-25.6776
-23.9746
-21.75143
-19.08691
-15.99298
-12.59094
-8.938716
-5.116085
-1.209828
2.67939
6.471341
10.05303
13.36306
16.30148
18.80993
20.81918
22.30079
23.2092
23.5678
23.37071
22.65311
21.45553
19.80943
17.75975
15.35275
12.64766
9.709749
6.612633
3.42361
0.2206142
-2.931854
-5.967962
-8.815409
-11.40222
-13.67463
-15.58537
-17.09584
-18.1708
-18.79052
-18.94167
-18.65433
-17.96537
-16.88193
-15.45319
-13.66439
-11.61946
-9.320702
-6.840611
-4.219592
-1.533228
1.164652
3.799117
6.306906
8.632999
10.7178
12.49065
13.96681
15.05671
15.77561
16.06684
15.98234
15.52829
14.77337
13.68777
12.34773
10.7561
8.964745
7.015024
4.959482
2.846722
0.7224042
-1.357587
-3.354218
-5.231529
-6.928275
-8.42233
-9.662287
-10.64161
-11.31348
-11.69593
-11.75086
-11.52629
-11.06829
-10.35585
-9.440497
-8.310081
-7.020559
-5.583761
-4.049038
-2.435491
-0.7935574
0.8466959
2.44305
3.946728
5.334791
6.561046
7.616525
8.461112
9.063235
9.436516
9.54784
9.446046
9.147936
8.682942
8.040301
7.26824
6.360894
5.360693
4.279126
3.147861
1.994837
0.8441284
-0.2735431
-1.333949
-2.311603
-3.17954
-3.92979
-4.531146
-4.988217
-5.272042
-5.396251
-5.360479
-5.195935
-4.925633
-4.552943
-4.093513
-3.554348
-2.950129
-2.298414
-1.612508
-0.9116316
-0.2125828
0.4694586
1.119007
1.716719
2.247253
2.700968
3.072492
3.351789
3.529647
3.603708
3.579933
3.492822
3.358438
3.189134
2.975181
2.739155
2.480279
2.205921
1.923141
1.644828
1.370301
1.110581
0.8739896
0.6595354
0.4757886
0.3256419
0.2158258
0.1382391
0.1022696
0.09415412
0.1129334
0.1374471
0.1633916
0.1846869
0.199249
0.2107503
0.2105975
0.2121372
0.2120423
0.2106953
0.208744
0.2088528
0.2090108
0.2071192
0.2098875
0.2081256
0.2030556
0.2021651
0.1994956
0.1999283
0.2013891
0.1960583
0.1965325
0.1932778
0.1916337
0.1941767
0.1971719
0.2008955
0.2003732
0.2015388
0.2004933
0.1989472
0.2000716
0.1942377
0.1965981
0.1957726
0.1951182
0.1909838
0.1897373
0.1893985
0.1905484
0.1893539
0.1890223
0.1911342
0.188731
0.1863143
0.1843083
0.1833913
0.1832392
0.1814659
0.1781723
0.1751413
0.1716433
0.172461
0.1714611
0.1630011
0.1608894
0.1572816
0.1574004
0.1587737
0.160532
0.1631651
0.1590452
0.16048
0.1614435
0.1652613
0.1633503
0.1636474
0.1642137
0.1641698
0.1630332
0.1645539
0.1625621
0.1631866
0.1591818
0.1583679
0.1594818
0.1605942
0.1640265
0.1665587
0.1672635
0.1680267
0.1684275
0.1689496
0.1660523
0.1695468
0.1701734
0.1706855
0.1641662
0.1648281
0.162734
0.1623797
0.164464
0.1625233
0.1625018
0.1637251
0.1619263
0.1659868
0.1673527
0.1700354
0.1663091
0.1622999
0.1607509
0.1620865
0.1618605
0.1617465
0.1614845
0.1630881
0.161675
0.1608284
0.164197
0.1617754
0.1608634
0.1607301
0.1622496
0.1636784
0.1641109
0.1670625
0.1649508
0.1664035
0.1657329
0.1644719
0.1664217
0.1681001
0.1654835
0.1697786
0.1665304
0.1683781
0.1634264
0.1627228
0.1634908
0.1548986
0.1543093
0.1573834
0.154985
0.1580825
0.1532638
0.151885
0.1500099
0.1458871
0.1425812
0.1441977
0.1455162
0.1451027
0.1421397
0.1411543
0.1427565
0.1439705
0.1418939
0.1385005
0.1421735
0.1381094
0.1358492
0.1335404
0.1284425
0.1313992
0.1261909
0.1279845
0.1275458
0.1261284
0.1278088
0.1319888
0.1345365
0.1343222
0.1338837
0.1326563
0.1313031
0.1357994
0.1371334
0.1361825
0.1335075
0.1390488
0.1395588
0.1418166
0.1430318
0.1413929
0.1383157
0.1432853
0.1441221
0.1424973
0.1434476
0.1436436
0.143744
0.1434247
0.1414223
0.1411102
0.1444016
0.1449826
0.1467385
0.1459036
0.1432142
0.1426096
0.1413758
0.1445041
0.1439471
0.1441047
0.1423719
0.1426842
0.1410377
0.1409507
0.1395769
0.1432064
0.1397069
0.1424901
0.1399119
0.1404743
0.1395876
0.1395652
0.1407373
0.1385934
0.1368079
0.1346986
0.1366169
0.1409075
0.1427894
0.1461535
0.1454141
0.1461368
0.1462705
0.1472578
0.1468594
0.1477969
0.1469247
0.1482644
0.1491945
0.1466677
0.1477869
0.147346
0.1439106
0.1467645
0.1459613
0.1443274
0.1481538
0.145566
0.1455445
0.1467137
0.1459863
0.1450651
0.1486301
0.1428807
0.1449697
0.14849
0.1480536
0.1498203
0.1507568
0.1496892
0.1488004
0.148973
0.1463652
0.1460435
0.14591
0.1449525
0.1445053
0.144974
0.1481311
0.1443594
0.1466784
0.1474516
0.1479714
0.1474082
0.1427577
0.1431675
0.1437995
0.1419518
0.142133
0.1452854
0.6957743
-0.9529023
-4.686983
-7.718809
-10.96402
-14.82708
-18.25004
-21.44975
-24.71405
-27.04765
-28.92655
-30.46366
-30.29102
-28.79123
-26.91991
-21.82434
-15.88605
-9.910896
-4.20656
1.727414
7.222167
12.05489
17.25256
21.67057
24.46417
27.39155
29.94927
31.42681
32.29644
32.25151
31.08936
29.42466
27.24549
24.23327
20.72052
16.60788
12.28471
7.624707
2.774958
-2.105368
-6.908749
-11.50507
-15.9083
-19.9625
-23.46251
-26.47416
-28.98676
-30.83611
-31.92409
-32.41149
-32.24984
-31.34515
-29.81269
-27.74901
-25.07859
-21.86826
-18.28012
-14.33365
-10.12263
-5.759708
-1.376387
2.951999
7.143694
11.02219
14.55005
17.70273
20.31521
22.37424
23.88115
24.70223
24.8817
24.49502
23.47778
21.94545
19.90189
17.42169
14.58095
11.4198
8.025204
4.462918
0.8395803
-2.770436
-6.285744
-9.638776
-12.73779
-15.53109
-17.95777
-19.93574
-21.44814
-22.47014
-22.95601
-22.93604
-22.4381
-21.46421
-20.051
-18.24547
-16.05877
-13.54364
-10.77818
-7.813224
-4.72342
-1.580197
1.524217
4.53587
7.371577
9.945135
12.22649
14.1861
15.73858
16.86443
17.55366
17.75098
17.5217
16.92351
15.92667
14.5817
12.91253
10.97939
8.805441
6.458446
4.003784
1.48606
-1.02859
-3.480926
-5.820836
-7.989902
-9.95812
-11.64867
-13.05746
-14.12738
-14.85876
-15.20776
-15.20595
-14.87533
-14.22115
-13.28354
-12.07949
-10.62395
-8.959355
-7.142591
-5.19595
-3.174903
-1.119371
0.9072464
2.855218
4.6889
6.367513
7.849371
9.081351
10.07043
10.75333
11.13659
11.23546
11.04671
10.62119
9.97052
9.110569
8.059843
6.861101
5.528242
4.108392
2.624208
1.113013
-0.3871632
-1.847913
-3.230639
-4.494462
-5.63063
-6.593112
-7.379228
-7.955733
-8.328444
-8.469147
-8.405368
-8.164505
-7.771144
-7.216562
-6.531442
-5.723772
-4.81176
-3.822008
-2.774236
-1.702511
-0.6294177
0.4125695
1.40581
2.334083
3.159205
3.866615
4.441715
4.877146
5.153358
5.276413
5.24997
5.10351
4.860608
4.526136
4.112942
3.630875
3.100287
2.520221
1.920218
1.303875
0.6937668
0.1055272
-0.4522681
-0.9636512
-1.418249
-1.804569
-2.11975
-2.35167
-2.49541
-2.553389
-2.531951
-2.452518
-2.333425
-2.189538
-2.020685
-1.828241
-1.617933
-1.400378
-1.177394
-0.9561315
-0.7469039
-0.5520709
-0.3713946
-0.2152948
-0.08578491
0.01751637
0.09076762
0.133445
0.1483471
0.1440814
0.1190958
0.09904933
0.08501649
0.08086038
0.08492827
0.09106588
0.09897041
0.1018643
0.1006227
0.09634185
0.1027532
0.092839
0.103003
0.1111445
0.09708977
0.1112664
0.1144474
0.1085715
0.1123099
0.1081038
0.1229143
0.1213562
0.1309247
0.1239374
0.1286368
0.1342299
0.1284161
0.1381683
0.1406746
0.142319
0.1376383
0.1377974
0.1446974
0.1419244
0.1438928
0.1454861
0.1492507
0.147877
0.1440225
0.1474605
0.1464124
0.1564372
0.1610873
0.1599131
0.1596165
0.162976
0.164748
0.1702902
0.1706276
0.1731124
0.1716194
0.1705635
0.170485
0.1779685
0.1807516
0.1812022
0.1832509
0.1822731
0.1768126
0.1764922
0.1736941
0.1725428
0.1710432
0.1734152
0.173583
0.1705287
0.1730263
0.1761782
0.1823659
0.1853004
0.1837971
0.1820471
0.1830547
0.1859014
0.1879363
0.1885321
0.1867747
0.1827619
0.1810803
0.1809821
0.1847324
0.1948094
0.1973767
0.194207
0.1913705
0.1882963
0.1900394
0.192986
0.1955256
0.1949279
0.1932781
0.1921248
0.1891139
0.193645
0.1922882
0.1941469
0.1945226
0.1973865
0.194746
0.1961775
0.1934729
0.1962931
0.1969776
0.1978753
0.1955693
0.1947229
0.1982865
0.1963546
0.1944807
0.1955798
0.1962256
0.1963353
0.197983
0.2002759
0.1950595
0.1972313
0.1962838
0.1948454
0.1987286
0.1994512
0.2015584
0.2000356
0.1950302
0.192807
0.1903505
0.1959734
0.2008495
0.2026889
0.2006242
0.1989779
0.1955526
0.1928642
0.1939569
0.199729
0.2012672
0.1999257
0.1939092
0.1923587
0.1948671
0.2031491
0.205302
0.2058866
0.2027426
0.1942837
0.1912038
0.1957648
0.2048736
0.2199249
0.2240267
0.2169919
0.2119241
0.2106965
0.2116938
0.2153859
0.2171836
0.21819
0.2163544
0.2109861
0.2085567
0.2151625
0.2187808
0.2207983
0.2206593
0.213696
0.2203929
0.2266703
0.2288959
0.2268922
0.2236736
0.222877
0.2185407
0.2177134
0.2158549
0.221849
0.2221303
0.2189128
0.2179527
0.2169991
0.2166743
0.2181265
0.2184789
0.2203648
0.2199526
0.2139573
0.2088106
0.2089865
0.2135203
0.2146728
0.2125125
0.2105925
0.2141223
0.2154152
0.2154527
0.2147622
0.214098
0.2154288
0.2211115
0.2207463
